5 26
20 1 11 1 10 1 8 1 1 1
5 42
20 1 11 1 10 1 8 1 1 1
5 50
20 1 11 1 10 1 8 1 1 1
1 31
1 60
2 41
2 25 1 10
2 40
2 17 1 26
2 58
2 24 3 4
3 37
3 1 1 15 2 21
9 46
6 1 5 2 4 1 1 5 2 1 3 3 9 1 7 1 8 1
10 41
2 1 3 1 4 1 8 1 10 1 6 1 9 1 7 1 1 6 5 1
10 42
2 1 3 1 4 1 8 1 10 1 6 1 9 1 7 1 1 6 5 1
10 43
2 1 3 1 4 1 8 1 10 1 6 1 9 1 7 1 1 6 5 1
10 44
2 1 3 1 4 1 8 1 10 1 6 1 9 1 7 1 1 6 5 1
10 45
2 1 3 1 4 1 8 1 10 1 6 1 9 1 7 1 1 6 5 1
10 46
2 1 3 1 4 1 8 1 10 1 6 1 9 1 7 1 1 6 5 1
10 47
2 1 3 1 4 1 8 1 10 1 6 1 9 1 7 1 1 6 5 1
10 48
2 1 3 1 4 1 8 1 10 1 6 1 9 1 7 1 1 6 5 1
10 49
2 1 3 1 4 1 8 1 10 1 6 1 9 1 7 1 1 6 5 1
10 50
2 1 3 1 4 1 8 1 10 1 6 1 9 1 7 1 1 6 5 1
10 51
2 1 3 1 4 1 8 1 10 1 6 1 9 1 7 1 1 6 5 1
10 52
2 1 3 1 4 1 8 1 10 1 6 1 9 1 7 1 1 6 5 1
10 53
2 1 3 1 4 1 8 1 10 1 6 1 9 1 7 1 1 6 5 1
10 54
2 1 3 1 4 1 8 1 10 1 6 1 9 1 7 1 1 6 5 1
10 55
2 1 3 1 4 1 8 1 10 1 6 1 9 1 7 1 1 6 5 1
10 56
2 1 3 1 4 1 8 1 10 1 6 1 9 1 7 1 1 6 5 1
10 57
2 1 3 1 4 1 8 1 10 1 6 1 9 1 7 1 1 6 5 1
10 57
5 1 7 1 2 1 8 1 10 1 6 1 9 1 4 1 1 6 3 1
10 57
9 1 4 1 8 1 10 1 6 1 3 1 5 1 7 1 2 1 1 6
10 57
1 6 2 1 3 1 4 1 5 1 6 1 7 1 8 1 9 1 10 1
10 57
10 1 9 1 8 1 7 1 6 1 5 1 4 1 3 1 2 1 1 6
10 58
2 1 3 1 4 1 8 1 10 1 6 1 9 1 7 1 1 6 5 1
10 59
2 1 3 1 4 1 8 1 10 1 6 1 9 1 7 1 1 6 5 1
10 60
2 1 3 1 4 1 8 1 10 1 6 1 9 1 7 1 1 6 5 1
3 44
2 27 3 1 1 3
3 19
13 1 8 1 1 2
1 46
48 1
4 16
17 1 2 1 3 1 1 1
2 5
2 3 1 1
3 48
33 1 13 1 1 6
3 16
4 2 1 5 2 3
2 11
19 1 2 1
4 37
26 1 11 1 3 3 1 1
1 9
10 1
1 1
1 1
3 29
14 2 5 1 1 1
2 17
14 2 1 1
4 31
22 1 21 1 9 1 1 1
3 49
49 1 4 1 2 1
2 17
8 2 1 3
2 45
51 1 3 1
3 21
18 1 8 1 1 1
3 26
19 1 12 1 3 1
3 28
14 1 10 1 2 2
2 20
24 1 1 1
2 28
25 1 6 1
2 8
9 1 4 1
3 32
16 3 3 1 9 1
2 20
6 2 1 9
3 15
11 1 2 1 5 1
4 42
7 3 21 1 4 1 2 1
3 8
3 2 4 1 1 1
3 36
19 1 31 1 1 1
4 39
14 1 16 1 10 1 1 1
3 47
10 4 9 1 2 2
3 38
43 1 1 3 5 1
2 59
44 1 4 4
2 7
8 1 1 1
4 40
8 3 25 1 3 1 1 1
5 24
16 1 15 1 9 1 3 1 1 1
2 16
24 1 1 1
2 26
9 4 1 3
3 45
2 18 10 1 1 3
2 5
4 2 1 1
1 2
2 1
1 11
11 1
1 1
1 1
3 40
29 1 27 1 1 3
2 19
14 2 1 1
3 58
24 2 4 2 1 2
4 35
8 2 13 1 24 1 1 1
3 54
35 1 13 1 3 2
3 27
44 1 1 2 2 1
1 17
23 1
1 29
43 1
5 18
6 1 5 2 7 1 4 1 1 1
3 20
5 4 14 1 2 1
3 51
6 1 11 4 1 2
2 46
12 4 1 11
3 39
15 3 6 1 1 1
3 22
14 1 1 11 2 1
1 18
2 10
3 26
12 3 1 2 2 2
3 30
1 24 9 2 5 2
3 23
1 2 7 3 11 1
1 2
2 1
2 4
3 1 1 1
4 19
5 4 7 1 3 1 1 1
4 27
14 1 3 6 9 1 1 1
3 23
8 3 1 3 2 3
4 27
10 1 2 16 5 1 1 1
5 50
7 3 14 2 4 1 2 1 1 3
4 42
4 4 11 2 2 2 1 3
4 44
1 28 12 1 8 1 10 1
4 37
2 9 10 2 4 2 3 1
4 31
13 1 15 1 6 1 1 1
2 18
13 1 6 1
2 13
12 1 1 1
6 36
6 3 4 1 2 2 10 1 5 1 1 2
2 7
3 3 1 2
2 10
15 1 4 1
4 11
6 1 4 1 2 1 1 1
3 35
9 3 12 1 1 1
1 8
11 1
4 43
4 4 11 2 5 1 1 3
2 12
15 1 1 1
1 2
1 2
4 46
10 2 15 1 6 2 1 1
2 21
9 3 2 2
2 37
1 41 5 1
3 25
2 7 1 4 8 2
1 5
6 1
4 49
12 3 3 3 13 1 1 1
4 21
5 1 15 1 1 2 2 1
2 3
3 1 2 1
4 26
4 5 1 13 5 1 2 1
4 33
8 4 2 3 6 1 1 2
2 8
1 5 4 1
2 6
4 1 1 2
1 1
1 1
3 9
12 1 1 2 2 1
3 19
2 3 1 6 6 3
2 35
14 2 10 1
3 39
11 2 4 2 12 1
2 9
13 1 2 1
0 0
